11 5
</s> 0.080054 0.088388 -0.076605 -0.065561 0.027332 
cat 0.058330 0.018374 0.010822 -0.072349 0.045346 
dog -0.100358 0.022296 0.006819 -0.019915 -0.064106 
ran -0.043136 0.049762 0.094604 0.066432 0.038391 
to 0.030156 -0.075495 -0.072258 0.100592 0.077638 
the 0.060876 -0.011981 0.098021 -0.005107 0.020200 
bed -0.006366 -0.060665 0.035869 -0.024888 -0.074317 
sat 0.095764 0.087899 -0.017188 -0.002938 0.010711 
on -0.070325 -0.079479 0.105523 0.003516 -0.048128 
mat -0.064898 -0.061293 0.037697 0.003509 0.026852 
a -0.092551 -0.080936 0.009979 0.025878 0.053035 
